5
1343
8475
7638
1343
2550
4954
4495
2550
6516
7888
938
6516
283
8358
4328
283
7623
21
4454
7623
7216
2287
9453
7216
9015
305
254
9015
5414
9392
3812
5414
2166
4221
290
2166
2217
4379
4958
2217
2331
2308
2188
2331
4596
2898
214
4596
8376
5565
6423
8376
1859
9926
8600
1859
1209
3327
7215
1209
7112
9365
4221
7112
8301
6703
3033
8301
5876
8825
8462
5876
5053
5890
345
5053
2427
7974
4143
2427
1730
5488
7031
1730
6745
3747
4390
6745
5084
7785
5209
5084
3932
4897
295
3932
434
7034
9832
434
5932
3936
1703
5932
5022
9821
7706
5022
5396
8603
2321
5396
5138
9525
5778
5138
4591
2693
5480
4591
9572
57
7837
9572
8205
8862
7405
8205
8092
5187
5614
8092
4261
561
8700
4261
5700
1998
5047
5700
4849
3568
3461
4849
5385
6235
6125
5385
4581
279
2296
4581
1772
5845
8610
1772
7985
7971
8165
7985
2553
8418
6731
2553
832
166
145
832
7556
2495
1094
7556
6248
3444
695
6248
1596
5274
1681
1596
2729
7116
4547
2729
3220
4738
236
3220
3865
4209
1880
3865
1087
8999
5101
1087
2091
6057
8171
2091
208
178
1464
208
7189
1602
7046
7189
6782
5447
2206
6782
9756
7978
5166
9756
2232
6485
3949
2232
5759
3212
6310
5759
587
2986
9680
587
8756
3064
8586
8756
3103
9393
7439
3103
4162
2523
84
4162
8788
379
8194
8788
9622
5703
1715
9622
8678
9738
7040
8678
5089
3780
3469
5089
2057
6742
4329
2057
1941
1044
6660
1941
2961
4998
3253
2961
8717
8997
180
8717
2008
3277
9871
2008
7827
3391
2130
7827
6745
8377
9322
6745
3438
8824
6871
3438
4845
9856
2346
4845
7255
846
1697
7255
9110
2129
7591
9110
6002
8412
3681
6002
3403
2912
8675
3403
6040
9544
8873
6040
1353
5512
1042
1353
391
732
8662
391
7881
8285
3409
7881
6152
7819
3780
6152
5708
2237
817
5708
2667
8908
5645
2667
9251
4578
2772
9251
7870
8278
123
7870
6704
916
1151
6704
8851
400
2396
8851
9882
4210
1155
9882
1674
2414
7440
1674
1028
9108
3783
1028
9703
9093
2940
9703
2534
4770
1001
2534
6521
396
105
6521
9826
2955
5966
9826
4498
3133
629
4498
9134
9699
9698
9134
1113
2152
6178
1113
9800
5429
6882
9800
6619
2591
5416
