      1 1001
      1 1042
      1 1044
      1 105
      1 1094
      1 1151
      1 1155
      1 123
      1 145
      1 1464
      1 1602
      1 166
      1 1681
      1 1697
      1 1703
      1 1715
      1 178
      1 180
      1 1880
      1 1998
      1 21
      1 2129
      1 2130
      1 214
      1 2152
      1 2188
      1 2206
      1 2237
      1 2287
      1 2296
      1 2308
      1 2321
      1 2346
      1 236
      1 2396
      1 2414
      1 2495
      1 2523
      1 254
      1 2591
      1 2693
      1 2772
      1 279
      1 2898
      1 290
      1 2912
      1 2940
      1 295
      1 2955
      1 2986
      1 3033
      1 305
      1 3064
      1 3133
      1 3212
      1 3253
      1 3277
      1 3327
      1 3391
      1 3409
      1 3444
      1 345
      1 3461
      1 3469
      1 3568
      1 3681
      1 3747
      1 3783
      1 379
      1 3812
      1 3936
      1 3949
      1 396
      1 400
      1 4143
      1 4209
      1 4210
      1 4328
      1 4329
      1 4379
      1 4390
      1 4454
      1 4495
      1 4547
      1 4578
      1 4738
      1 4770
      1 4897
      1 4954
      1 4958
      1 4998
      1 5
      1 5047
      1 5101
      1 5166
      1 5187
      1 5209
      1 5274
      1 5416
      1 5429
      1 5447
      1 5480
      1 5488
      1 5512
      1 5565
      1 561
      1 5614
      1 5645
      1 57
      1 5703
      1 5778
      1 5845
      1 5890
      1 5966
      1 6057
      1 6125
      1 6178
      1 6235
      1 629
      1 6310
      1 6423
      1 6485
      1 6619
      1 6660
      1 6703
      1 6731
      1 6742
      1 6871
      1 6882
      1 695
      1 7031
      1 7034
      1 7040
      1 7046
      1 7116
      1 7215
      1 732
      1 7405
      1 7439
      1 7440
      1 7591
      1 7638
      1 7706
      1 7785
      1 7819
      1 7837
      1 7888
      1 7971
      1 7974
      1 7978
      1 8165
      1 817
      1 8171
      1 8194
      1 8278
      1 8285
      1 8358
      1 8377
      1 84
      1 8412
      1 8418
      1 846
      1 8462
      1 8475
      1 8586
      1 8600
      1 8603
      1 8610
      1 8662
      1 8675
      1 8700
      1 8824
      1 8825
      1 8862
      1 8873
      1 8908
      1 8997
      1 8999
      1 9093
      1 9108
      1 916
      1 9322
      1 9365
      1 938
      1 9392
      1 9393
      1 9453
      1 9525
      1 9544
      1 9680
      1 9698
      1 9699
      1 9738
      1 9821
      1 9832
      1 9856
      1 9871
      1 9926
      2 1028
      2 1087
      2 1113
      2 1209
      2 1343
      2 1353
      2 1596
      2 1674
      2 1730
      2 1772
      2 1859
      2 1941
      2 2008
      2 2057
      2 208
      2 2091
      2 2166
      2 2217
      2 2232
      2 2331
      2 2427
      2 2534
      2 2550
      2 2553
      2 2667
      2 2729
      2 283
      2 2961
      2 3103
      2 3220
      2 3403
      2 3438
      2 3780
      2 3865
      2 391
      2 3932
      2 4162
      2 4221
      2 4261
      2 434
      2 4498
      2 4581
      2 4591
      2 4596
      2 4845
      2 4849
      2 5022
      2 5053
      2 5084
      2 5089
      2 5138
      2 5385
      2 5396
      2 5414
      2 5700
      2 5708
      2 5759
      2 587
      2 5876
      2 5932
      2 6002
      2 6040
      2 6152
      2 6248
      2 6516
      2 6521
      2 6704
      2 6782
      2 7112
      2 7189
      2 7216
      2 7255
      2 7556
      2 7623
      2 7827
      2 7870
      2 7881
      2 7985
      2 8092
      2 8205
      2 8301
      2 832
      2 8376
      2 8678
      2 8717
      2 8756
      2 8788
      2 8851
      2 9015
      2 9110
      2 9134
      2 9251
      2 9572
      2 9622
      2 9703
      2 9756
      2 9800
      2 9826
      2 9882
      4 6745
