1001
1028
1028
1042
1044
105
1087
1087
1094
1113
1113
1151
1155
1209
1209
123
1343
1343
1353
1353
145
1464
1596
1596
1602
166
1674
1674
1681
1697
1703
1715
1730
1730
1772
1772
178
180
1859
1859
1880
1941
1941
1998
2008
2008
2057
2057
208
208
2091
2091
21
2129
2130
214
2152
2166
2166
2188
2206
2217
2217
2232
2232
2237
2287
2296
2308
2321
2331
2331
2346
236
2396
2414
2427
2427
2495
2523
2534
2534
254
2550
2550
2553
2553
2591
2667
2667
2693
2729
2729
2772
279
283
283
2898
290
2912
2940
295
2955
2961
2961
2986
3033
305
3064
3103
3103
3133
3212
3220
3220
3253
3277
3327
3391
3403
3403
3409
3438
3438
3444
345
3461
3469
3568
3681
3747
3780
3780
3783
379
3812
3865
3865
391
391
3932
3932
3936
3949
396
400
4143
4162
4162
4209
4210
4221
4221
4261
4261
4328
4329
434
434
4379
4390
4454
4495
4498
4498
4547
4578
4581
4581
4591
4591
4596
4596
4738
4770
4845
4845
4849
4849
4897
4954
4958
4998
5
5022
5022
5047
5053
5053
5084
5084
5089
5089
5101
5138
5138
5166
5187
5209
5274
5385
5385
5396
5396
5414
5414
5416
5429
5447
5480
5488
5512
5565
561
5614
5645
57
5700
5700
5703
5708
5708
5759
5759
5778
5845
587
587
5876
5876
5890
5932
5932
5966
6002
6002
6040
6040
6057
6125
6152
6152
6178
6235
6248
6248
629
6310
6423
6485
6516
6516
6521
6521
6619
6660
6703
6704
6704
6731
6742
6745
6745
6745
6745
6782
6782
6871
6882
695
7031
7034
7040
7046
7112
7112
7116
7189
7189
7215
7216
7216
7255
7255
732
7405
7439
7440
7556
7556
7591
7623
7623
7638
7706
7785
7819
7827
7827
7837
7870
7870
7881
7881
7888
7971
7974
7978
7985
7985
8092
8092
8165
817
8171
8194
8205
8205
8278
8285
8301
8301
832
832
8358
8376
8376
8377
84
8412
8418
846
8462
8475
8586
8600
8603
8610
8662
8675
8678
8678
8700
8717
8717
8756
8756
8788
8788
8824
8825
8851
8851
8862
8873
8908
8997
8999
9015
9015
9093
9108
9110
9110
9134
9134
916
9251
9251
9322
9365
938
9392
9393
9453
9525
9544
9572
9572
9622
9622
9680
9698
9699
9703
9703
9738
9756
9756
9800
9800
9821
9826
9826
9832
9856
9871
9882
9882
9926
